14 -165.6000 -30.5314 	0.0000 
40 -171.5657 -36.6829 	0.0000 
48 -48.1543 -69.8971 	17.7857 
47 -54.4857 -76.2600 	8.1371 
1 -30.2057 -90.1714 	8.1371 
43 305.3314 -41.9057 	5.7143 
18 380.5114 -31.7229 	5.7143 
17 381.4857 -29.6400 	0.0000 
13 382.4343 -23.5429 	0.0000 
52 -119.0400 -67.9229 	8.9343 
55 -121.3314 -65.3886 	12.5057 
36 414.8257 35.8400 0.0000 
60 667.9886 85.0343 -15.4257 
62 666.2543 90.5457 -21.1286 
5 163.9000 99.0714 -66.7029 
6 125.1657 98.5714 -71.8371 
22 163.1171 97.1314 -59.2743 
19 158.7229 102.8714 -59.2743 
24 160.9943 96.8400 -51.6571 
10 113.4714 122.1000 -71.8371 
9 158.7486 132.9514 -66.7029 
32 154.5829 132.9714 -51.6571 
31 155.8029 134.5829 -51.6571 
35 161.5800 136.4114 -48.8000 
26 92.1600 120.1400 -51.3114 
28 152.4486 129.3629 -43.9429 
44 230.6371 145.5171 -29.2457 
11 207.9514 149.9429 -31.2457 
38 65.4629 130.3886 -21.1343 
45 205.9914 150.5371 -0.5714 
46 153.5800 141.7914 6.7000 
54 152.3600 140.1800 6.7000 
57 -6.4714 113.0514 1.4286 
53 -11.6800 110.5971 0.0000 
58 -79.1343 101.3200 5.2086 
56 -111.4686 94.8314 5.2086 
41 -165.9286 26.4200 0.0000 

